0:
- cam_R_m2c: [0.99862221, -0.05230839, 0.00428904, -0.05142910, -0.99158051, -0.11883825, 0.01046912, 0.11845366, -0.99290450]
  cam_t_m2c: [-14.75853037, 19.32182899, 634.26493861]
  obj_bb: [157, 154, 84, 84]
  obj_id: 3
1:
- cam_R_m2c: [0.99957430, 0.02872377, 0.00521556, 0.02913986, -0.99249465, -0.11876738, 0.00176502, 0.11886878, -0.99290797]
  cam_t_m2c: [-14.88800206, 19.18737576, 634.23598402]
  obj_bb: [157, 155, 84, 84]
  obj_id: 3
2:
- cam_R_m2c: [0.99254751, 0.12173759, 0.00536803, 0.12152318, -0.98561980, -0.11741115, -0.00900257, 0.11718869, -0.99306873]
  cam_t_m2c: [-15.11475931, 19.10289364, 634.25533822]
  obj_bb: [156, 154, 85, 85]
  obj_id: 3
3:
- cam_R_m2c: [0.97815435, 0.20779095, 0.00605031, 0.20706023, -0.97130944, -0.11697901, -0.01843037, 0.11567647, -0.99311632]
  cam_t_m2c: [-15.22867136, 18.92962268, 634.28029951]
  obj_bb: [157, 154, 85, 85]
  obj_id: 3
4:
- cam_R_m2c: [0.95635814, 0.29212231, 0.00663391, 0.29089141, -0.94969211, -0.11604303, -0.02759877, 0.11290886, -0.99322208]
  cam_t_m2c: [-15.35744186, 18.78773634, 634.21217138]
  obj_bb: [157, 154, 85, 85]
  obj_id: 3
5:
- cam_R_m2c: [0.92729502, 0.37427409, 0.00653040, 0.37248159, -0.92084254, -0.11535610, -0.03716139, 0.10940150, -0.99330247]
  cam_t_m2c: [-15.53126220, 18.61410179, 634.18018797]
  obj_bb: [157, 155, 84, 84]
  obj_id: 3
6:
- cam_R_m2c: [0.89113009, 0.45370169, 0.00647978, 0.45137127, -0.88491056, -0.11488136, -0.04638783, 0.10529897, -0.99335807]
  cam_t_m2c: [-15.69576790, 18.41907078, 634.18670969]
  obj_bb: [157, 155, 84, 83]
  obj_id: 3
7:
- cam_R_m2c: [0.84823165, 0.52958721, 0.00644776, 0.52677648, -0.84234340, -0.11386659, -0.05487086, 0.09998136, -0.99347515]
  cam_t_m2c: [-15.84941221, 18.25237124, 634.12570957]
  obj_bb: [157, 154, 84, 84]
  obj_id: 3
8:
- cam_R_m2c: [0.79878189, 0.60158185, 0.00682147, 0.59828892, -0.79311597, -0.11409211, -0.06322574, 0.09521627, -0.99344670]
  cam_t_m2c: [-15.89675674, 17.99907927, 634.12442916]
  obj_bb: [157, 155, 84, 84]
  obj_id: 3
9:
- cam_R_m2c: [0.74327681, 0.66894776, 0.00690599, 0.66516735, -0.73789591, -0.11428861, -0.07135688, 0.08954137, -0.99342395]
  cam_t_m2c: [-15.97965303, 17.76347562, 634.18722326]
  obj_bb: [157, 154, 84, 84]
  obj_id: 3
10:
- cam_R_m2c: [0.68682733, 0.72678718, 0.00700168, 0.72267227, -0.68184705, -0.11326848, -0.07754798, 0.08285568, -0.99353951]
  cam_t_m2c: [-16.02753671, 17.60195416, 634.16508471]
  obj_bb: [157, 154, 84, 84]
  obj_id: 3
11:
- cam_R_m2c: [0.62082884, 0.78391529, 0.00691232, 0.77936194, -0.61622269, -0.11342576, -0.08465646, 0.07580505, -0.99352264]
  cam_t_m2c: [-16.07547719, 17.33813060, 634.17721493]
  obj_bb: [157, 154, 84, 85]
  obj_id: 3
12:
- cam_R_m2c: [0.55013851, 0.83504321, 0.00709029, 0.83007483, -0.54589748, -0.11389003, -0.09123279, 0.06854087, -0.99346812]
  cam_t_m2c: [-16.07464437, 17.08200640, 634.24457317]
  obj_bb: [157, 154, 84, 85]
  obj_id: 3
13:
- cam_R_m2c: [0.47527461, 0.87981056, 0.00686408, 0.87444802, -0.47148653, -0.11419835, -0.09723651, 0.06027769, -0.99343431]
  cam_t_m2c: [-16.11142884, 16.83093402, 634.28747187]
  obj_bb: [157, 155, 84, 84]
  obj_id: 3
14:
- cam_R_m2c: [0.39686127, 0.91785605, 0.00641720, 0.91211661, -0.39357835, -0.11462867, -0.10268678, 0.05134482, -0.99338782]
  cam_t_m2c: [-16.14409160, 16.54906817, 634.32848471]
  obj_bb: [157, 154, 84, 85]
  obj_id: 3
15:
- cam_R_m2c: [0.31525504, 0.94898534, 0.00649125, 0.94303757, -0.31249796, -0.11412942, -0.10627919, 0.04210143, -0.99344470]
  cam_t_m2c: [-16.09305268, 16.34606185, 634.36666003]
  obj_bb: [157, 154, 84, 84]
  obj_id: 3
16:
- cam_R_m2c: [0.23126314, 0.97286789, 0.00677976, 0.96664180, -0.22898411, -0.11476343, -0.11009808, 0.03309434, -0.99336979]
  cam_t_m2c: [-15.98310035, 16.07335500, 634.39879209]
  obj_bb: [157, 154, 84, 84]
  obj_id: 3
17:
- cam_R_m2c: [0.13917497, 0.99024215, 0.00711596, 0.98396613, -0.13747634, -0.11362948, -0.11154272, 0.02281627, -0.99349787]
  cam_t_m2c: [-15.84161678, 15.87950180, 634.38209097]
  obj_bb: [157, 154, 85, 84]
  obj_id: 3
18:
- cam_R_m2c: [0.05241214, 0.99860432, 0.00657693, 0.99225703, -0.05133411, -0.11309941, -0.11260373, 0.01245377, -0.99356190]
  cam_t_m2c: [-15.83443252, 15.65004476, 634.41534333]
  obj_bb: [157, 155, 85, 84]
  obj_id: 3
19:
- cam_R_m2c: [-0.03477280, 0.99937008, 0.00713192, 0.99292702, 0.03535784, -0.11333809, -0.11351958, 0.00314039, -0.99353122]
  cam_t_m2c: [-15.63551643, 15.40460006, 634.40393712]
  obj_bb: [158, 154, 84, 84]
  obj_id: 3
20:
- cam_R_m2c: [-0.12173634, 0.99254055, 0.00656076, 0.98628008, 0.12170623, -0.11153602, -0.11150232, -0.00710729, -0.99373848]
  cam_t_m2c: [-15.53951968, 15.27138860, 634.38576904]
  obj_bb: [157, 154, 84, 85]
  obj_id: 3
21:
- cam_R_m2c: [-0.20792303, 0.97812263, 0.00665549, 0.97192723, 0.20736228, -0.11116818, -0.11011611, -0.01664587, -0.99377933]
  cam_t_m2c: [-15.34327556, 15.06125811, 634.40416431]
  obj_bb: [157, 155, 85, 84]
  obj_id: 3
22:
- cam_R_m2c: [-0.28638073, 0.95809403, 0.00653656, 0.95203730, 0.28532426, -0.11051758, -0.10775178, -0.02542704, -0.99385286]
  cam_t_m2c: [-15.18277082, 14.91112373, 634.34783495]
  obj_bb: [157, 154, 85, 85]
  obj_id: 3
23:
- cam_R_m2c: [-0.37478497, 0.92709069, 0.00627704, 0.92123769, 0.37316238, -0.10986880, -0.10420068, -0.03539433, -0.99392626]
  cam_t_m2c: [-14.96673547, 14.75546072, 634.33265477]
  obj_bb: [157, 154, 84, 85]
  obj_id: 3
24:
- cam_R_m2c: [-0.44883613, 0.89359349, 0.00596665, 0.88795653, 0.44673516, -0.10936748, -0.10039526, -0.04378981, -0.99398358]
  cam_t_m2c: [-14.78572873, 14.62029330, 634.35246396]
  obj_bb: [157, 154, 84, 84]
  obj_id: 3
25:
- cam_R_m2c: [-0.52521635, 0.85095127, 0.00544207, 0.84562014, 0.52262028, -0.10859979, -0.09525726, -0.05243643, -0.99407057]
  cam_t_m2c: [-14.60409230, 14.52826948, 634.30597780]
  obj_bb: [157, 155, 85, 84]
  obj_id: 3
26:
- cam_R_m2c: [-0.59765170, 0.80173690, 0.00554376, 0.79658749, 0.59456831, -0.10926130, -0.09089464, -0.06088383, -0.99399753]
  cam_t_m2c: [-14.30535048, 14.37604873, 634.38170478]
  obj_bb: [157, 155, 84, 83]
  obj_id: 3
27:
- cam_R_m2c: [-0.66549572, 0.74638507, 0.00499213, 0.74158998, 0.66194860, -0.10894295, -0.08461760, -0.06879865, -0.99403513]
  cam_t_m2c: [-14.09410480, 14.31628696, 634.40205366]
  obj_bb: [157, 155, 85, 83]
  obj_id: 3
28:
- cam_R_m2c: [-0.72820571, 0.68534198, 0.00466060, 0.68093024, 0.72425688, -0.10856360, -0.07777857, -0.07588308, -0.99407854]
  cam_t_m2c: [-13.84255734, 14.28376432, 634.42165055]
  obj_bb: [158, 155, 84, 84]
  obj_id: 3
29:
- cam_R_m2c: [-0.77804767, 0.62818914, 0.00442897, 0.62407105, 0.77371562, -0.10908289, -0.07195136, -0.08210761, -0.99402330]
  cam_t_m2c: [-13.59880352, 14.21435243, 634.44163721]
  obj_bb: [157, 154, 85, 85]
  obj_id: 3
30:
- cam_R_m2c: [-0.83646175, 0.54801077, 0.00393867, 0.54433977, 0.83164737, -0.10980384, -0.06344953, -0.08970310, -0.99394515]
  cam_t_m2c: [-13.34106556, 14.19436078, 634.55595975]
  obj_bb: [157, 154, 85, 85]
  obj_id: 3
31:
- cam_R_m2c: [-0.88119849, 0.47273120, 0.00367073, 0.46948849, 0.87601123, -0.11038937, -0.05540003, -0.09555140, -0.99388192]
  cam_t_m2c: [-13.06750033, 14.19335517, 634.61340884]
  obj_bb: [157, 154, 84, 85]
  obj_id: 3
32:
- cam_R_m2c: [-0.91910181, 0.39400676, 0.00319324, 0.39126546, 0.91360350, -0.11063383, -0.04650809, -0.10043524, -0.99385560]
  cam_t_m2c: [-12.85203420, 14.21781114, 634.63875900]
  obj_bb: [157, 154, 85, 85]
  obj_id: 3
33:
- cam_R_m2c: [-0.95005528, 0.31206789, 0.00283638, 0.30981482, 0.94421254, -0.11170600, -0.03753800, -0.10524865, -0.99373690]
  cam_t_m2c: [-12.59728139, 14.26180619, 634.75289719]
  obj_bb: [157, 154, 84, 84]
  obj_id: 3
34:
- cam_R_m2c: [-0.96772827, 0.25197509, 0.00314351, 0.25004691, 0.96172020, -0.11212182, -0.03127512, -0.10771747, -0.99368992]
  cam_t_m2c: [-12.34672543, 14.30300720, 634.80768958]
  obj_bb: [157, 154, 85, 84]
  obj_id: 3
35:
- cam_R_m2c: [-0.98986352, 0.14198756, 0.00297966, 0.14076628, 0.98369793, -0.11190802, -0.01882061, -0.11035415, -0.99371408]
  cam_t_m2c: [-12.05517368, 14.44507331, 634.75907075]
  obj_bb: [158, 155, 84, 83]
  obj_id: 3
36:
- cam_R_m2c: [-0.99847630, 0.05512171, 0.00252183, 0.05448736, 0.99213998, -0.11264737, -0.00871125, -0.11233752, -0.99363190]
  cam_t_m2c: [-11.85724589, 14.54290081, 634.84113215]
  obj_bb: [157, 155, 84, 84]
  obj_id: 3
37:
- cam_R_m2c: [-0.99947638, -0.03220952, 0.00323196, -0.03236814, 0.99309111, -0.11279278, 0.00042337, -0.11283836, -0.99361334]
  cam_t_m2c: [-11.55455953, 14.68918386, 634.77445973]
  obj_bb: [158, 155, 84, 84]
  obj_id: 3
38:
- cam_R_m2c: [-0.99287885, -0.11909348, 0.00275100, -0.11865551, 0.98666117, -0.11144856, 0.01055849, -0.11098146, -0.99376650]
  cam_t_m2c: [-11.39920167, 14.91600774, 634.71720370]
  obj_bb: [157, 154, 84, 85]
  obj_id: 3
39:
- cam_R_m2c: [-0.97867492, -0.20539603, 0.00278701, -0.20441431, 0.97247930, -0.11180138, 0.02025339, -0.10998719, -0.99372686]
  cam_t_m2c: [-11.18616832, 15.06652808, 634.73062746]
  obj_bb: [157, 155, 85, 84]
  obj_id: 3
40:
- cam_R_m2c: [-0.95705788, -0.28988415, 0.00270520, -0.28836515, 0.95100470, -0.11151586, 0.02975385, -0.10750712, -0.99375899]
  cam_t_m2c: [-11.02080628, 15.26230450, 634.63362418]
  obj_bb: [157, 155, 85, 85]
  obj_id: 3
41:
- cam_R_m2c: [-0.92814093, -0.37222230, 0.00224737, -0.37014996, 0.92230074, -0.11113435, 0.03929384, -0.10397995, -0.99380255]
  cam_t_m2c: [-10.90617223, 15.46989880, 634.54864906]
  obj_bb: [158, 154, 84, 85]
  obj_id: 3
42:
- cam_R_m2c: [-0.89215912, -0.45171740, 0.00201073, -0.44911618, 0.88652603, -0.11120448, 0.04845059, -0.10011533, -0.99379505]
  cam_t_m2c: [-10.79129771, 15.68459887, 634.54899658]
  obj_bb: [157, 155, 84, 84]
  obj_id: 3
43:
- cam_R_m2c: [-0.84939289, -0.52775929, 0.00143526, -0.52467324, 0.84412676, -0.11030668, 0.05700400, -0.09444698, -0.99389638]
  cam_t_m2c: [-10.74256047, 15.94424267, 634.38448165]
  obj_bb: [157, 155, 84, 84]
  obj_id: 3
44:
- cam_R_m2c: [-0.80013272, -0.59981983, 0.00168621, -0.59624380, 0.79504902, -0.11131058, 0.06542554, -0.09006849, -0.99378443]
  cam_t_m2c: [-10.58554901, 16.12174720, 634.42377560]
  obj_bb: [157, 155, 85, 83]
  obj_id: 3
45:
- cam_R_m2c: [-0.74485889, -0.66722004, 0.00144605, -0.66319597, 0.74012616, -0.11128788, 0.07318337, -0.08385290, -0.99378724]
  cam_t_m2c: [-10.51962243, 16.37171480, 634.36900148]
  obj_bb: [158, 155, 84, 84]
  obj_id: 3
46:
- cam_R_m2c: [-0.68400621, -0.72947616, 0.00097210, -0.72507835, 0.67973505, -0.11055246, 0.07998440, -0.07632320, -0.99386937]
  cam_t_m2c: [-10.52359325, 16.65444531, 634.28423937]
  obj_bb: [157, 155, 85, 84]
  obj_id: 3
47:
- cam_R_m2c: [-0.61796969, -0.78620201, 0.00059568, -0.78136715, 0.61408469, -0.11119688, 0.08705738, -0.06918164, -0.99379789]
  cam_t_m2c: [-10.52559398, 16.87279613, 634.27880038]
  obj_bb: [157, 155, 85, 84]
  obj_id: 3
48:
- cam_R_m2c: [-0.54731209, -0.83692842, 0.00052771, -0.83173667, 0.54384564, -0.11156288, 0.09308363, -0.06149883, -0.99375718]
  cam_t_m2c: [-10.51151972, 17.11870058, 634.24113811]
  obj_bb: [157, 154, 85, 85]
  obj_id: 3
49:
- cam_R_m2c: [-0.47249343, -0.88133445, 0.00022808, -0.87580484, 0.46949891, -0.11196795, 0.09857438, -0.05310383, -0.99371196]
  cam_t_m2c: [-10.54497827, 17.35152357, 634.22083444]
  obj_bb: [157, 155, 85, 84]
  obj_id: 3
50:
- cam_R_m2c: [-0.39414494, -0.91904789, -0.00029956, -0.91312975, 0.39164329, -0.11318306, 0.10413812, -0.04433712, -0.99357405]
  cam_t_m2c: [-10.63917031, 17.56170066, 634.24887456]
  obj_bb: [157, 155, 84, 84]
  obj_id: 3
51:
- cam_R_m2c: [-0.31278395, -0.94982445, -0.00050827, -0.94368334, 0.31082249, -0.11336479, 0.10783502, -0.03497914, -0.99355356]
  cam_t_m2c: [-10.73449064, 17.80350789, 634.21831096]
  obj_bb: [157, 155, 84, 83]
  obj_id: 3
52:
- cam_R_m2c: [-0.22896493, -0.97343453, -0.00049012, -0.96708470, 0.22752947, -0.11391962, 0.11100556, -0.02560977, -0.99348959]
  cam_t_m2c: [-10.77731023, 18.01086655, 634.18840229]
  obj_bb: [157, 155, 84, 84]
  obj_id: 3
53:
- cam_R_m2c: [-0.14354216, -0.98964381, -0.00055327, -0.98316107, 0.14266567, -0.11419844, 0.11309471, -0.01584833, -0.99345807]
  cam_t_m2c: [-10.89391255, 18.23485507, 634.13546195]
  obj_bb: [157, 155, 84, 84]
  obj_id: 3
54:
- cam_R_m2c: [-0.05707769, -0.99836916, -0.00067224, -0.99187761, 0.05678329, -0.11381483, 0.11366760, -0.00582953, -0.99350205]
  cam_t_m2c: [-11.06400500, 18.48570497, 634.09456441]
  obj_bb: [157, 155, 85, 84]
  obj_id: 3
55:
- cam_R_m2c: [0.03000426, -0.99954977, -0.00036499, -0.99296710, -0.02976490, -0.11459199, 0.11452949, 0.00380063, -0.99341240]
  cam_t_m2c: [-11.17181902, 18.64386154, 634.07034591]
  obj_bb: [157, 155, 84, 84]
  obj_id: 3
56:
- cam_R_m2c: [0.11677519, -0.99315874, -0.00026255, -0.98673702, -0.11598927, -0.11356393, 0.11275597, 0.01352046, -0.99353018]
  cam_t_m2c: [-11.32394938, 18.87980470, 633.94684487]
  obj_bb: [157, 154, 84, 85]
  obj_id: 3
57:
- cam_R_m2c: [0.20268013, -0.97924497, -0.00016822, -0.97281564, -0.20133030, -0.11443387, 0.11202430, 0.02335712, -0.99343134]
  cam_t_m2c: [-11.47976300, 19.02012948, 633.97048191]
  obj_bb: [156, 154, 85, 85]
  obj_id: 3
58:
- cam_R_m2c: [0.28706519, -0.95791145, -0.00004289, -0.95162509, -0.28517614, -0.11438958, 0.10956248, 0.03287800, -0.99343571]
  cam_t_m2c: [-11.67210049, 19.17206221, 633.87926680]
  obj_bb: [157, 155, 85, 84]
  obj_id: 3
59:
- cam_R_m2c: [0.36934695, -0.92929209, -0.00006808, -0.92317526, -0.36690694, -0.11457239, 0.10644681, 0.04237994, -0.99341486]
  cam_t_m2c: [-11.87630985, 19.31797738, 633.81524181]
  obj_bb: [157, 155, 84, 84]
  obj_id: 3
60:
- cam_R_m2c: [0.44893549, -0.89356384, 0.00013964, -0.88762275, -0.44596881, -0.11505508, 0.10287142, 0.05152835, -0.99335903]
  cam_t_m2c: [-12.07350653, 19.42510780, 633.84311758]
  obj_bb: [157, 154, 84, 84]
  obj_id: 3
61:
- cam_R_m2c: [0.52502912, -0.85108393, 0.00021833, -0.84544881, -0.52158284, -0.11475076, 0.09777624, 0.06006279, -0.99339448]
  cam_t_m2c: [-12.29861764, 19.55119729, 633.74985689]
  obj_bb: [157, 155, 85, 83]
  obj_id: 3
62:
- cam_R_m2c: [0.59727436, -0.80203724, 0.00037234, -0.79662353, -0.59329571, -0.11571946, 0.09303210, 0.06881956, -0.99328159]
  cam_t_m2c: [-12.53737043, 19.57963893, 633.78678306]
  obj_bb: [157, 155, 84, 83]
  obj_id: 3
63:
- cam_R_m2c: [0.66492412, -0.74691042, 0.00060440, -0.74181193, -0.66047894, -0.11611416, 0.08712577, 0.07675853, -0.99323549]
  cam_t_m2c: [-12.77182965, 19.65637667, 633.78046405]
  obj_bb: [156, 155, 85, 84]
  obj_id: 3
64:
- cam_R_m2c: [0.72755427, -0.68604897, 0.00103802, -0.68132032, -0.72271539, -0.11612937, 0.08042044, 0.08378305, -0.99323320]
  cam_t_m2c: [-12.97301176, 19.71396144, 633.78057703]
  obj_bb: [157, 155, 84, 84]
  obj_id: 3
65:
- cam_R_m2c: [0.78467440, -0.61990721, 0.00104713, -0.61555190, -0.77935987, -0.11702574, 0.07336093, 0.09118229, -0.99312866]
  cam_t_m2c: [-13.24226560, 19.70365178, 633.84656800]
  obj_bb: [156, 154, 85, 85]
  obj_id: 3
66:
- cam_R_m2c: [0.83579218, -0.54904343, 0.00151304, -0.54507703, -0.83007892, -0.11773242, 0.06589589, 0.09757485, -0.99304391]
  cam_t_m2c: [-13.45395118, 19.69660604, 633.91767823]
  obj_bb: [157, 154, 85, 85]
  obj_id: 3
67:
- cam_R_m2c: [0.88053910, -0.47397032, 0.00190154, -0.47044886, -0.87447178, -0.11822526, 0.05769824, 0.10320732, -0.99298524]
  cam_t_m2c: [-13.68587538, 19.66528874, 633.99751405]
  obj_bb: [157, 154, 84, 85]
  obj_id: 3
68:
- cam_R_m2c: [0.91853327, -0.39533572, 0.00231459, -0.39229143, -0.91215518, -0.11865927, 0.04902166, 0.10808514, -0.99293235]
  cam_t_m2c: [-13.91250441, 19.63713333, 634.04457311]
  obj_bb: [157, 154, 84, 85]
  obj_id: 3
69:
- cam_R_m2c: [0.94949629, -0.31376799, 0.00256016, -0.31124992, -0.94284922, -0.11898692, 0.03974797, 0.11218063, -0.99289249]
  cam_t_m2c: [-14.14893869, 19.57418145, 634.07873190]
  obj_bb: [157, 154, 84, 84]
  obj_id: 3
70:
- cam_R_m2c: [0.97321941, -0.22985675, 0.00306971, -0.22785552, -0.96634409, -0.11941788, 0.03041534, 0.11552023, -0.99283896]
  cam_t_m2c: [-14.35075095, 19.48324055, 634.18550313]
  obj_bb: [157, 154, 84, 84]
  obj_id: 3
71:
- cam_R_m2c: [0.98953254, -0.14426297, 0.00380044, -0.14279194, -0.98257632, -0.11896758, 0.02089682, 0.11717935, -0.99289091]
  cam_t_m2c: [-14.51840641, 19.41369663, 634.17556941]
  obj_bb: [157, 154, 84, 84]
  obj_id: 3
72:
- cam_R_m2c: [0.99580152, -0.09152605, 0.00118845, -0.08737803, -0.95437868, -0.28552902, 0.02726753, 0.28422595, -0.95836901]
  cam_t_m2c: [-15.67433344, 11.09137675, 632.53660414]
  obj_bb: [156, 148, 85, 86]
  obj_id: 3
73:
- cam_R_m2c: [0.99998776, -0.00459776, 0.00186081, -0.00387646, -0.95849327, -0.28508989, 0.00309432, 0.28507918, -0.95849907]
  cam_t_m2c: [-15.80900095, 10.99157156, 632.69246459]
  obj_bb: [157, 149, 84, 86]
  obj_id: 3
74:
- cam_R_m2c: [0.99661281, 0.08220001, 0.00233080, 0.07947269, -0.95550199, -0.28407812, -0.02112407, 0.28330035, -0.95879858]
  cam_t_m2c: [-16.01754850, 10.89128897, 632.70495075]
  obj_bb: [157, 149, 84, 86]
  obj_id: 3
75:
- cam_R_m2c: [0.98570424, 0.16846450, 0.00253441, 0.16225173, -0.94508704, -0.28369880, -0.04539796, 0.28005425, -0.95891050]
  cam_t_m2c: [-16.21691680, 10.73905851, 632.75765590]
  obj_bb: [156, 148, 85, 87]
  obj_id: 3
76:
- cam_R_m2c: [0.96731023, 0.25357405, 0.00319307, 0.24404887, -0.92740475, -0.28348104, -0.06892213, 0.27499370, -0.95897249]
  cam_t_m2c: [-16.33535001, 10.54481654, 632.84928668]
  obj_bb: [157, 148, 85, 86]
  obj_id: 3
77:
- cam_R_m2c: [0.94158626, 0.33675712, 0.00319121, 0.32387321, -0.90288139, -0.28268473, -0.09231548, 0.26720579, -0.95920716]
  cam_t_m2c: [-16.51243675, 10.41018724, 632.86948828]
  obj_bb: [157, 148, 84, 86]
  obj_id: 3
78:
- cam_R_m2c: [0.90867926, 0.41748067, 0.00354702, 0.40136042, -0.87118924, -0.28273386, -0.11494562, 0.25833765, -0.95919169]
  cam_t_m2c: [-16.63117406, 10.19459529, 632.87386112]
  obj_bb: [157, 149, 84, 86]
  obj_id: 3
79:
- cam_R_m2c: [0.87201397, 0.48946810, 0.00345425, 0.47049765, -0.83622957, -0.28169572, -0.13499263, 0.24726822, -0.95949802]
  cam_t_m2c: [-16.77946917, 10.03921398, 632.88391805]
  obj_bb: [156, 148, 85, 87]
  obj_id: 3
80:
- cam_R_m2c: [0.82243022, 0.56885479, 0.00357622, 0.54673088, -0.78867647, -0.28120147, -0.15714255, 0.23322389, -0.95964247]
  cam_t_m2c: [-16.88554795, 9.81035154, 632.87178679]
  obj_bb: [157, 148, 85, 86]
  obj_id: 3
81:
- cam_R_m2c: [0.76969992, 0.63839328, 0.00400134, 0.61356307, -0.73800223, -0.28087970, -0.17635897, 0.21864773, -0.95973510]
  cam_t_m2c: [-16.90633201, 9.58144212, 632.93949666]
  obj_bb: [157, 149, 85, 86]
  obj_id: 3
82:
- cam_R_m2c: [0.71104518, 0.70313641, 0.00375354, 0.67564711, -0.68174915, -0.28057083, -0.19472071, 0.20203426, -0.95982564]
  cam_t_m2c: [-17.01748850, 9.37247809, 632.94989061]
  obj_bb: [157, 148, 84, 86]
  obj_id: 3
83:
- cam_R_m2c: [0.64696189, 0.76251274, 0.00380188, 0.73251756, -0.62011196, -0.28085318, -0.21179719, 0.18448653, -0.95974286]
  cam_t_m2c: [-17.07151071, 9.13732060, 633.01250514]
  obj_bb: [157, 149, 84, 86]
  obj_id: 3
84:
- cam_R_m2c: [0.57799829, 0.81602804, 0.00401347, 0.78379284, -0.55378324, -0.28105617, -0.22712738, 0.16559535, -0.95968305]
  cam_t_m2c: [-17.07387613, 8.89145239, 633.11446565]
  obj_bb: [157, 148, 84, 87]
  obj_id: 3
85:
- cam_R_m2c: [0.50958801, 0.86040941, 0.00394478, 0.82613996, -0.48800048, -0.28168904, -0.24044281, 0.14680398, -0.95949765]
  cam_t_m2c: [-17.07761500, 8.67405069, 633.16516042]
  obj_bb: [157, 148, 84, 86]
  obj_id: 3
86:
- cam_R_m2c: [0.43231655, 0.90171183, 0.00432582, 0.86594048, -0.41381822, -0.28089421, -0.25149592, 0.12518117, -0.95972911]
  cam_t_m2c: [-17.02091563, 8.44921596, 633.19264759]
  obj_bb: [157, 148, 84, 87]
  obj_id: 3
87:
- cam_R_m2c: [0.35185195, 0.93604657, 0.00415542, 0.89856727, -0.33651311, -0.28166652, -0.26225395, 0.10283864, -0.95950338]
  cam_t_m2c: [-17.02803541, 8.21916148, 633.31160111]
  obj_bb: [157, 148, 84, 86]
  obj_id: 3
88:
- cam_R_m2c: [0.26869751, 0.96321311, 0.00464858, 0.92467722, -0.25659037, -0.28130541, -0.26976443, 0.07988461, -0.95960683]
  cam_t_m2c: [-16.91001331, 7.97676190, 633.28322860]
  obj_bb: [157, 149, 85, 86]
  obj_id: 3
89:
- cam_R_m2c: [0.17761184, 0.98409105, 0.00439483, 0.94490582, -0.16928846, -0.28016759, -0.27496627, 0.05391372, -0.95994090]
  cam_t_m2c: [-16.85314988, 7.76580944, 633.35582624]
  obj_bb: [157, 149, 85, 86]
  obj_id: 3
90:
- cam_R_m2c: [0.09677100, 0.99529879, 0.00408369, 0.95523923, -0.09172211, -0.28125552, -0.27955838, 0.03111824, -0.95962456]
  cam_t_m2c: [-16.82208766, 7.55837874, 633.47395763]
  obj_bb: [157, 148, 85, 86]
  obj_id: 3
91:
- cam_R_m2c: [0.00970128, 0.99994601, 0.00382290, 0.96001702, -0.00824405, -0.27981972, -0.27977363, 0.00638466, -0.96004496]
  cam_t_m2c: [-16.70935691, 7.35559038, 633.46519372]
  obj_bb: [157, 149, 84, 86]
  obj_id: 3
92:
- cam_R_m2c: [-0.07750757, 0.99698221, 0.00429803, 0.95714088, 0.07561517, -0.27957844, -0.27905977, -0.01755549, -0.96011293]
  cam_t_m2c: [-16.52001471, 7.15194960, 633.54692293]
  obj_bb: [157, 148, 84, 87]
  obj_id: 3
93:
- cam_R_m2c: [-0.16406154, 0.98644354, 0.00345079, 0.94708640, 0.15849204, -0.27911806, -0.27588114, -0.04252450, -0.96025072]
  cam_t_m2c: [-16.48559994, 6.94311062, 633.61963595]
  obj_bb: [157, 148, 84, 86]
  obj_id: 3
94:
- cam_R_m2c: [-0.24936757, 0.96840184, 0.00369512, 0.92978817, 0.24048816, -0.27867322, -0.27075582, -0.06605648, -0.96037922]
  cam_t_m2c: [-16.25059106, 6.76739478, 633.69339662]
  obj_bb: [157, 149, 85, 86]
  obj_id: 3
95:
- cam_R_m2c: [-0.33900056, 0.94077920, 0.00358491, 0.90341697, 0.32659589, -0.27780122, -0.26252023, -0.09093582, -0.96063225]
  cam_t_m2c: [-16.03175643, 6.64031769, 633.66552985]
  obj_bb: [157, 148, 84, 87]
  obj_id: 3
96:
- cam_R_m2c: [-0.41422389, 0.91016744, 0.00377475, 0.87385622, 0.39885220, -0.27801365, -0.25454516, -0.11186194, -0.96056942]
  cam_t_m2c: [-15.77787231, 6.46780489, 633.72085828]
  obj_bb: [157, 148, 84, 86]
  obj_id: 3
97:
- cam_R_m2c: [-0.49229732, 0.87042106, 0.00320225, 0.83589502, 0.47378913, -0.27713340, -0.24273995, -0.13375520, -0.96082570]
  cam_t_m2c: [-15.56141771, 6.37019178, 633.75439990]
  obj_bb: [158, 148, 84, 86]
  obj_id: 3
98:
- cam_R_m2c: [-0.56639755, 0.82412581, 0.00328146, 0.79144156, 0.54503616, -0.27668606, -0.22981292, -0.15411746, -0.96095516]
  cam_t_m2c: [-15.31809941, 6.26207468, 633.72603735]
  obj_bb: [157, 149, 84, 86]
  obj_id: 3
99:
- cam_R_m2c: [-0.63638500, 0.77136627, 0.00275113, 0.74078916, 0.61214482, -0.27660426, -0.21504747, -0.17398912, -0.96097953]
  cam_t_m2c: [-15.07142669, 6.17741421, 633.77626204]
  obj_bb: [158, 149, 84, 86]
  obj_id: 3
100:
- cam_R_m2c: [-0.70130984, 0.71285260, 0.00253824, 0.68460044, 0.67449841, -0.27635995, -0.19871577, -0.19207645, -0.96105049]
  cam_t_m2c: [-14.82492286, 6.13417101, 633.77743963]
  obj_bb: [157, 149, 84, 86]
  obj_id: 3
101:
- cam_R_m2c: [-0.76089178, 0.64887406, 0.00223308, 0.62304382, 0.73155524, -0.27684433, -0.18127119, -0.20925717, -0.96091235]
  cam_t_m2c: [-14.57070780, 6.07783637, 633.86428076]
  obj_bb: [157, 149, 85, 86]
  obj_id: 3
102:
- cam_R_m2c: [-0.81460585, 0.58001141, 0.00197777, 0.55682101, 0.78298113, -0.27729007, -0.16238013, -0.22478084, -0.96078448]
  cam_t_m2c: [-14.29843121, 6.05872939, 633.95348844]
  obj_bb: [157, 148, 84, 87]
  obj_id: 3
103:
- cam_R_m2c: [-0.86209774, 0.50673979, 0.00156412, 0.48637821, 0.82831588, -0.27808270, -0.14221066, -0.23897333, -0.96055548]
  cam_t_m2c: [-14.06342808, 6.05824359, 633.98219155]
  obj_bb: [157, 148, 85, 87]
  obj_id: 3
104:
- cam_R_m2c: [-0.90305089, 0.42953235, 0.00137942, 0.41233087, 0.86777647, -0.27739561, -0.12034742, -0.24993335, -0.96075468]
  cam_t_m2c: [-13.79547436, 6.11399341, 633.93044903]
  obj_bb: [158, 149, 84, 86]
  obj_id: 3
105:
- cam_R_m2c: [-0.93705533, 0.34918025, 0.00101208, 0.33508099, 0.90002649, -0.27869719, -0.09822647, -0.26081524, -0.96037826]
  cam_t_m2c: [-13.55948214, 6.14779723, 634.07074962]
  obj_bb: [157, 149, 84, 86]
  obj_id: 3
106:
- cam_R_m2c: [-0.96391061, 0.26622508, 0.00107407, 0.25541708, 0.92590309, -0.27832694, -0.07509208, -0.26800811, -0.96048578]
  cam_t_m2c: [-13.29232365, 6.21944734, 633.98151403]
  obj_bb: [158, 149, 84, 86]
  obj_id: 3
107:
- cam_R_m2c: [-0.98345099, 0.18117255, 0.00075858, 0.17382093, 0.94470867, -0.27804939, -0.05109159, -0.27331642, -0.96056621]
  cam_t_m2c: [-13.06441091, 6.34542876, 633.96480748]
  obj_bb: [157, 149, 84, 86]
  obj_id: 3
108:
- cam_R_m2c: [-0.99551087, 0.09464910, 0.00037507, 0.09076561, 0.95577311, -0.27974895, -0.02683645, -0.27845889, -0.96007264]
  cam_t_m2c: [-12.87654378, 6.42617744, 634.00296117]
  obj_bb: [157, 148, 84, 86]
  obj_id: 3
109:
- cam_R_m2c: [-0.99997128, 0.00763937, -0.00012938, 0.00737144, 0.96016592, -0.27933476, -0.00200971, -0.27932772, -0.96019396]
  cam_t_m2c: [-12.67746310, 6.55473554, 634.02377205]
  obj_bb: [158, 148, 84, 87]
  obj_id: 3
110:
- cam_R_m2c: [-0.99684528, -0.07936932, 0.00030737, -0.07628079, 0.95697608, -0.27996171, 0.02192625, -0.27910147, -0.96001147]
  cam_t_m2c: [-12.44022690, 6.68152198, 633.98207297]
  obj_bb: [157, 148, 84, 87]
  obj_id: 3
111:
- cam_R_m2c: [-0.98615225, -0.16584217, -0.00056163, -0.15908799, 0.94693295, -0.27930244, 0.04685193, -0.27534514, -0.96020265]
  cam_t_m2c: [-12.33988189, 6.84432890, 633.94959849]
  obj_bb: [157, 149, 85, 86]
  obj_id: 3
112:
- cam_R_m2c: [-0.96792879, -0.25122537, -0.00037561, -0.24113096, 0.92945390, -0.27923458, 0.07049992, -0.27018865, -0.96022311]
  cam_t_m2c: [-12.09978176, 7.01838002, 633.89013244]
  obj_bb: [157, 149, 85, 86]
  obj_id: 3
113:
- cam_R_m2c: [-0.94237890, -0.33454845, -0.00058933, -0.32110480, 0.90500182, -0.27904072, 0.09388610, -0.26277249, -0.96027906]
  cam_t_m2c: [-11.97164198, 7.21306797, 633.78525718]
  obj_bb: [157, 148, 84, 87]
  obj_id: 3
114:
- cam_R_m2c: [-0.90963385, -0.41540936, -0.00088911, -0.39864888, 0.87353062, -0.27932670, 0.11681212, -0.25373135, -0.96019546]
  cam_t_m2c: [-11.84702566, 7.38060080, 633.70460953]
  obj_bb: [157, 149, 84, 86]
  obj_id: 3
115:
- cam_R_m2c: [-0.86996514, -0.49311176, -0.00130292, -0.47328560, 0.83572269, -0.27851202, 0.13842588, -0.24167914, -0.96043222]
  cam_t_m2c: [-11.75122838, 7.61173695, 633.58093335]
  obj_bb: [157, 149, 84, 86]
  obj_id: 3
116:
- cam_R_m2c: [-0.82370161, -0.56702061, -0.00150978, -0.54430728, 0.79144726, -0.27810351, 0.15888599, -0.22825255, -0.96055025]
  cam_t_m2c: [-11.67182563, 7.81507236, 633.43658364]
  obj_bb: [157, 149, 85, 86]
  obj_id: 3
117:
- cam_R_m2c: [-0.77108303, -0.63673353, -0.00117956, -0.61136471, 0.74087761, -0.27808906, 0.17794263, -0.21370880, -0.96055493]
  cam_t_m2c: [-11.50399780, 8.04813791, 633.37391646]
  obj_bb: [158, 149, 84, 86]
  obj_id: 3
118:
- cam_R_m2c: [-0.71265439, -0.70151314, -0.00161579, -0.67356125, 0.68489937, -0.27789686, 0.19605565, -0.19695621, -0.96060905]
  cam_t_m2c: [-11.48041198, 8.29908016, 633.25884848]
  obj_bb: [157, 149, 84, 86]
  obj_id: 3
119:
- cam_R_m2c: [-0.64885778, -0.76090633, -0.00205889, -0.73054512, 0.62371980, -0.27798665, 0.21280615, -0.17887024, -0.96058284]
  cam_t_m2c: [-11.49155918, 8.52697331, 633.16106288]
  obj_bb: [156, 149, 85, 86]
  obj_id: 3
120:
- cam_R_m2c: [-0.58006982, -0.81456380, -0.00196488, -0.78208611, 0.55761252, -0.27822599, 0.22772837, -0.15985395, -0.96051355]
  cam_t_m2c: [-11.45146435, 8.75448711, 633.11124236]
  obj_bb: [156, 149, 85, 86]
  obj_id: 3
121:
- cam_R_m2c: [-0.50689067, -0.86200690, -0.00244654, -0.82745244, 0.48736240, -0.27892670, 0.24162936, -0.13936057, -0.96030895]
  cam_t_m2c: [-11.50940670, 8.96611460, 633.03504723]
  obj_bb: [156, 148, 85, 87]
  obj_id: 3
122:
- cam_R_m2c: [-0.42970513, -0.90296689, -0.00228883, -0.86694855, 0.41327134, -0.27857980, 0.25249328, -0.11772259, -0.96041062]
  cam_t_m2c: [-11.49834668, 9.23794784, 632.92804812]
  obj_bb: [156, 149, 85, 86]
  obj_id: 3
123:
- cam_R_m2c: [-0.34949412, -0.93693478, -0.00276420, -0.89921120, 0.33624897, -0.27992090, 0.26319701, -0.09534512, -0.96001926]
  cam_t_m2c: [-11.61827740, 9.44027274, 632.91869367]
  obj_bb: [157, 148, 85, 87]
  obj_id: 3
124:
- cam_R_m2c: [-0.26656683, -0.96381373, -0.00223690, -0.92515274, 0.25652387, -0.27980097, 0.27025045, -0.07251645, -0.96005483]
  cam_t_m2c: [-11.60766257, 9.66687603, 632.80008658]
  obj_bb: [157, 149, 85, 86]
  obj_id: 3
125:
- cam_R_m2c: [-0.18149877, -0.98338714, -0.00284204, -0.94402517, 0.17504193, -0.27960211, 0.27545498, -0.04806450, -0.96011134]
  cam_t_m2c: [-11.77610550, 9.91216518, 632.72337001]
  obj_bb: [157, 149, 84, 86]
  obj_id: 3
126:
- cam_R_m2c: [-0.10113260, -0.99486654, -0.00345974, -0.95490939, 0.09804535, -0.28023932, 0.27914077, -0.02503768, -0.95992365]
  cam_t_m2c: [-11.99152980, 10.11578036, 632.66341347]
  obj_bb: [157, 149, 84, 86]
  obj_id: 3
127:
- cam_R_m2c: [-0.00819137, -0.99996053, -0.00342725, -0.95975054, 0.00882409, -0.28071406, 0.28073355, 0.00098986, -0.95978518]
  cam_t_m2c: [-12.08867032, 10.30906688, 632.56649442]
  obj_bb: [156, 149, 85, 86]
  obj_id: 3
128:
- cam_R_m2c: [0.07882678, -0.99688160, -0.00352291, -0.95692042, -0.07467589, -0.28058483, 0.27944668, 0.02548876, -0.95982240]
  cam_t_m2c: [-12.28871610, 10.48326981, 632.54588860]
  obj_bb: [157, 149, 84, 86]
  obj_id: 3
129:
- cam_R_m2c: [0.16503666, -0.98628092, -0.00352331, -0.94667385, -0.15740514, -0.28112536, 0.27671348, 0.04973154, -0.95966427]
  cam_t_m2c: [-12.46888854, 10.62883069, 632.49667774]
  obj_bb: [157, 148, 84, 87]
  obj_id: 3
130:
- cam_R_m2c: [0.25026333, -0.96817281, -0.00320153, -0.92915241, -0.23924470, -0.28184730, 0.27211120, 0.07351068, -0.95945414]
  cam_t_m2c: [-12.59705365, 10.77567591, 632.49585054]
  obj_bb: [156, 148, 85, 87]
  obj_id: 3
131:
- cam_R_m2c: [0.33352227, -0.94273770, -0.00301772, -0.90472401, -0.31917026, -0.28214357, 0.26502465, 0.09683164, -0.95936765]
  cam_t_m2c: [-12.79082845, 10.91855803, 632.41815224]
  obj_bb: [157, 149, 85, 86]
  obj_id: 3
132:
- cam_R_m2c: [0.41433303, -0.91012173, -0.00263362, -0.87317931, -0.39669550, -0.28317987, 0.25668309, 0.11962990, -0.95906375]
  cam_t_m2c: [-12.94987202, 11.00745927, 632.40384883]
  obj_bb: [157, 149, 84, 86]
  obj_id: 3
133:
- cam_R_m2c: [0.49208011, -0.87054569, -0.00277822, -0.83543835, -0.47133319, -0.28264504, 0.24474622, 0.14140505, -0.95922013]
  cam_t_m2c: [-13.18539109, 11.12433567, 632.30143719]
  obj_bb: [157, 148, 84, 87]
  obj_id: 3
134:
- cam_R_m2c: [0.56615760, -0.82429371, -0.00212139, -0.79092599, -0.54251073, -0.28305102, 0.23216637, 0.16192985, -0.95910260]
  cam_t_m2c: [-13.36382690, 11.20603035, 632.23798334]
  obj_bb: [157, 148, 85, 87]
  obj_id: 3
135:
- cam_R_m2c: [0.63594304, -0.77173417, -0.00171912, -0.74034590, -0.60944532, -0.28366215, 0.21786395, 0.18166581, -0.95892232]
  cam_t_m2c: [-13.52035732, 11.28383550, 632.27966719]
  obj_bb: [157, 149, 84, 86]
  obj_id: 3
136:
- cam_R_m2c: [0.70080524, -0.71335040, -0.00166305, -0.68432236, -0.67162614, -0.28393888, 0.20143127, 0.20012348, -0.95884086]
  cam_t_m2c: [-13.80191645, 11.35657654, 632.24431761]
  obj_bb: [156, 149, 85, 86]
  obj_id: 3
137:
- cam_R_m2c: [0.76028969, -0.64958192, -0.00148709, -0.62303046, -0.72856071, -0.28466127, 0.18382723, 0.21735115, -0.95862697]
  cam_t_m2c: [-14.04856786, 11.35699945, 632.30268687]
  obj_bb: [157, 148, 84, 87]
  obj_id: 3
138:
- cam_R_m2c: [0.81399478, -0.58087209, -0.00078274, -0.55695402, -0.78009335, -0.28505516, 0.16497033, 0.23246959, -0.95851055]
  cam_t_m2c: [-14.23262953, 11.37045074, 632.36484211]
  obj_bb: [156, 148, 85, 87]
  obj_id: 3
139:
- cam_R_m2c: [0.86148303, -0.50778592, -0.00060871, -0.48667703, -0.82532767, -0.28632029, 0.14488709, 0.24695651, -0.95813417]
  cam_t_m2c: [-14.49736912, 11.36774399, 632.44289469]
  obj_bb: [156, 148, 85, 87]
  obj_id: 3
140:
- cam_R_m2c: [0.90243407, -0.43082720, -0.00002051, -0.41291102, -0.86489276, -0.28542312, 0.12295005, 0.25758412, -0.95840150]
  cam_t_m2c: [-14.69711437, 11.37178268, 632.43234732]
  obj_bb: [157, 148, 84, 87]
  obj_id: 3
141:
- cam_R_m2c: [0.93650051, -0.35066471, 0.00052606, -0.33579401, -0.89721562, -0.28678702, 0.10103795, 0.26839924, -0.95799398]
  cam_t_m2c: [-14.90895409, 11.29340684, 632.56696042]
  obj_bb: [157, 148, 84, 87]
  obj_id: 3
142:
- cam_R_m2c: [0.96341920, -0.26799469, 0.00131455, -0.25646302, -0.92336807, -0.28568880, 0.07777691, 0.27490198, -0.95832159]
  cam_t_m2c: [-15.09837208, 11.26195118, 632.50847557]
  obj_bb: [156, 148, 85, 87]
  obj_id: 3
143:
- cam_R_m2c: [0.98306400, -0.18325583, 0.00163278, -0.17516944, -0.94222888, -0.28551891, 0.05386146, 0.28039757, -0.95837126]
  cam_t_m2c: [-15.32258012, 11.23654732, 632.54171472]
  obj_bb: [157, 148, 84, 87]
  obj_id: 3
144:
- cam_R_m2c: [0.99864801, -0.05090262, 0.01057317, -0.04063788, -0.89113487, -0.45191486, 0.03242572, 0.45087430, -0.89199880]
  cam_t_m2c: [-14.69965606, 2.71549438, 632.44260214]
  obj_bb: [158, 145, 84, 90]
  obj_id: 3
145:
- cam_R_m2c: [0.99928337, 0.03626770, 0.01082095, 0.03723921, -0.89114129, -0.45219393, -0.00675687, 0.45227332, -0.89185349]
  cam_t_m2c: [-14.88603855, 2.57681815, 632.51964302]
  obj_bb: [157, 144, 84, 91]
  obj_id: 3
146:
- cam_R_m2c: [0.99231994, 0.12319998, 0.01106862, 0.11487871, -0.88471038, -0.45176434, -0.04586486, 0.44956583, -0.89206888]
  cam_t_m2c: [-15.07458659, 2.42484942, 632.60339671]
  obj_bb: [157, 144, 84, 91]
  obj_id: 3
147:
- cam_R_m2c: [0.97782545, 0.20911628, 0.01133049, 0.19165982, -0.87177023, -0.45086847, -0.08440652, 0.44304250, -0.89251821]
  cam_t_m2c: [-15.27130334, 2.27491434, 632.65318378]
  obj_bb: [157, 144, 85, 90]
  obj_id: 3
148:
- cam_R_m2c: [0.95590756, 0.29343431, 0.01166871, 0.26704047, -0.85201908, -0.45028057, -0.12218574, 0.43354267, -0.89281063]
  cam_t_m2c: [-15.40998888, 2.11413354, 632.74505234]
  obj_bb: [157, 144, 85, 91]
  obj_id: 3
149:
- cam_R_m2c: [0.92897257, 0.36996600, 0.01161230, 0.33537121, -0.82800302, -0.44937371, -0.15663750, 0.42135126, -0.89326816]
  cam_t_m2c: [-15.57246398, 1.96850708, 632.81592057]
  obj_bb: [157, 144, 84, 91]
  obj_id: 3
150:
- cam_R_m2c: [0.89323883, 0.44942854, 0.01176754, 0.40625139, -0.79565912, -0.44931806, -0.19257383, 0.40612924, -0.89329440]
  cam_t_m2c: [-15.71351376, 1.76909145, 632.82491198]
  obj_bb: [158, 144, 84, 91]
  obj_id: 3
151:
- cam_R_m2c: [0.85055914, 0.52574923, 0.01170470, 0.47437392, -0.75745689, -0.44858595, -0.22697766, 0.38710131, -0.89366350]
  cam_t_m2c: [-15.82591791, 1.57842256, 632.93092692]
  obj_bb: [158, 144, 84, 90]
  obj_id: 3
152:
- cam_R_m2c: [0.80150959, 0.59786164, 0.01194900, 0.53864394, -0.71315384, -0.44863653, -0.25970150, 0.36602316, -0.89363469]
  cam_t_m2c: [-15.91537598, 1.36603824, 632.98777806]
  obj_bb: [158, 144, 84, 91]
  obj_id: 3
153:
- cam_R_m2c: [0.74641219, 0.66537252, 0.01217374, 0.59889211, -0.66363426, -0.44823878, -0.29016636, 0.34186127, -0.89383083]
  cam_t_m2c: [-15.98575736, 1.18631438, 632.99390790]
  obj_bb: [157, 144, 84, 91]
  obj_id: 3
154:
- cam_R_m2c: [0.69021833, 0.72349797, 0.01222057, 0.65057063, -0.61307595, -0.44821367, -0.31678943, 0.31731561, -0.89384255]
  cam_t_m2c: [-16.02496898, 0.97207860, 633.12637182]
  obj_bb: [157, 144, 84, 90]
  obj_id: 3
155:
- cam_R_m2c: [0.61948106, 0.78491552, 0.01224742, 0.70495273, -0.54937233, -0.44858872, -0.34537605, 0.28652645, -0.89365440]
  cam_t_m2c: [-16.06430982, 0.75540970, 633.20973260]
  obj_bb: [157, 144, 84, 91]
  obj_id: 3
156:
- cam_R_m2c: [0.54871447, 0.83591859, 0.01232997, 0.75021595, -0.48584171, -0.44847923, -0.36890254, 0.25533756, -0.89370760]
  cam_t_m2c: [-16.07547976, 0.53172315, 633.32324333]
  obj_bb: [157, 144, 85, 90]
  obj_id: 3
157:
- cam_R_m2c: [0.47382790, 0.88052708, 0.01262570, 0.78985125, -0.41860628, -0.44822369, -0.38938806, 0.22235326, -0.89383234]
  cam_t_m2c: [-16.05441489, 0.33235990, 633.40952857]
  obj_bb: [157, 144, 85, 91]
  obj_id: 3
158:
- cam_R_m2c: [0.39526871, 0.91847936, 0.01257626, 0.82346623, -0.34824669, -0.44791502, -0.40702088, 0.18740262, -0.89398756]
  cam_t_m2c: [-16.04521850, 0.10596059, 633.54925646]
  obj_bb: [157, 144, 84, 91]
  obj_id: 3
159:
- cam_R_m2c: [0.31353268, 0.94949226, 0.01271588, 0.85058890, -0.27487004, -0.44826921, -0.42213270, 0.15136288, -0.89380781]
  cam_t_m2c: [-15.95194726, -0.11441909, 633.67690024]
  obj_bb: [158, 144, 84, 90]
  obj_id: 3
160:
- cam_R_m2c: [0.22965455, 0.97318804, 0.01278091, 0.87152250, -0.19978294, -0.44781257, -0.43325248, 0.11398125, -0.89403662]
  cam_t_m2c: [-15.91468017, -0.31630654, 633.73439181]
  obj_bb: [158, 145, 84, 90]
  obj_id: 3
161:
- cam_R_m2c: [0.14391404, 0.98950617, 0.01286709, 0.88551956, -0.12296416, -0.44803482, -0.44175110, 0.07587256, -0.89392379]
  cam_t_m2c: [-15.80683574, -0.52699218, 633.86740778]
  obj_bb: [158, 144, 84, 91]
  obj_id: 3
162:
- cam_R_m2c: [0.05722134, 0.99827809, 0.01287817, 0.89340684, -0.04544439, -0.44694353, -0.44558937, 0.03708020, -0.89446897]
  cam_t_m2c: [-15.73201910, -0.68881420, 633.85597507]
  obj_bb: [158, 144, 84, 90]
  obj_id: 3
163:
- cam_R_m2c: [-0.03003324, 0.99946760, 0.01272423, 0.89382339, 0.03255298, -0.44723615, -0.44741302, -0.00205873, -0.89432549]
  cam_t_m2c: [-15.58904894, -0.90055760, 633.98285742]
  obj_bb: [157, 145, 84, 90]
  obj_id: 3
164:
- cam_R_m2c: [-0.11708268, 0.99304242, 0.01254952, 0.88774716, 0.11031562, -0.44691769, -0.44519270, -0.04118560, -0.89448665]
  cam_t_m2c: [-15.45731157, -1.09304539, 634.07581151]
  obj_bb: [157, 144, 85, 91]
  obj_id: 3
165:
- cam_R_m2c: [-0.20320043, 0.97905762, 0.01247910, 0.87493150, 0.18728134, -0.44656687, -0.43955185, -0.07982436, -0.89466305]
  cam_t_m2c: [-15.26681316, -1.25619124, 634.09866079]
  obj_bb: [158, 144, 84, 90]
  obj_id: 3
166:
- cam_R_m2c: [-0.28793973, 0.95757086, 0.01223747, 0.85572329, 0.26300830, -0.44560621, -0.42991829, -0.11783584, -0.89514549]
  cam_t_m2c: [-15.10854679, -1.41835444, 634.21563341]
  obj_bb: [158, 144, 84, 91]
  obj_id: 3
167:
- cam_R_m2c: [-0.37042360, 0.92878228, 0.01221871, 0.82968652, 0.33675809, -0.44521341, -0.41762136, -0.15477992, -0.89534146]
  cam_t_m2c: [-14.89186732, -1.53482321, 634.28263298]
  obj_bb: [157, 144, 84, 91]
  obj_id: 3
168:
- cam_R_m2c: [-0.45021357, 0.89284029, 0.01202377, 0.79712421, 0.40794400, -0.44516967, -0.40236990, -0.19083681, -0.89536544]
  cam_t_m2c: [-14.68312931, -1.67451821, 634.33713269]
  obj_bb: [158, 144, 84, 91]
  obj_id: 3
169:
- cam_R_m2c: [-0.52661181, 0.85002353, 0.01182996, 0.75854130, 0.47612797, -0.44487935, -0.38379076, -0.22530476, -0.89551199]
  cam_t_m2c: [-14.45600089, -1.76921314, 634.39049741]
  obj_bb: [158, 144, 84, 90]
  obj_id: 3
170:
- cam_R_m2c: [-0.59895868, 0.80069392, 0.01175511, 0.71405717, 0.54067939, -0.44473405, -0.36245146, -0.25798330, -0.89558584]
  cam_t_m2c: [-14.17604648, -1.87377003, 634.44094428]
  obj_bb: [158, 144, 84, 90]
  obj_id: 3
171:
- cam_R_m2c: [-0.66666630, 0.74526851, 0.01147040, 0.66418562, 0.60097763, -0.44461593, -0.33825173, -0.28879141, -0.89564754]
  cam_t_m2c: [-13.93057692, -1.92038313, 634.48037028]
  obj_bb: [158, 144, 84, 90]
  obj_id: 3
172:
- cam_R_m2c: [-0.72930177, 0.68410184, 0.01110923, 0.60907900, 0.65654672, -0.44493787, -0.31167679, -0.31772748, -0.89549260]
  cam_t_m2c: [-13.69382550, -1.95834410, 634.54754202]
  obj_bb: [158, 145, 83, 90]
  obj_id: 3
173:
- cam_R_m2c: [-0.78634393, 0.61769350, 0.01084506, 0.54934161, 0.70714526, -0.44516129, -0.28264205, -0.34409222, -0.89538490]
  cam_t_m2c: [-13.41182089, -1.98279308, 634.55896242]
  obj_bb: [158, 145, 84, 90]
  obj_id: 3
174:
- cam_R_m2c: [-0.83738312, 0.54651888, 0.01035170, 0.48544608, 0.75224444, -0.44549896, -0.25126083, -0.36802888, -0.89522218]
  cam_t_m2c: [-13.18588036, -1.95845465, 634.61716247]
  obj_bb: [157, 145, 84, 90]
  obj_id: 3
175:
- cam_R_m2c: [-0.87915209, 0.47642832, 0.01042231, 0.42256100, 0.78948947, -0.44513858, -0.22030479, -0.38694111, -0.89540114]
  cam_t_m2c: [-12.92394598, -1.93447196, 634.62911666]
  obj_bb: [158, 145, 84, 90]
  obj_id: 3
176:
